0 2.0185 4.3162 3.2561
1 2.4543 4.2724 3.0390
2 3.1441 4.6110 2.8127
3 2.7391 4.6405 2.9330
4 3.9048 4.9295 2.2907
5 3.9281 4.8116 2.2357
6 3.6316 4.4459 2.7643
7 3.2365 4.4191 2.7582
8 2.0582 3.8283 3.0850
9 1.4524 3.4226 3.1904
10 1.6424 4.0910 3.2979
11 2.7535 4.4174 2.8887
12 3.5491 4.5268 2.8544
13 3.7188 4.9219 2.4704
14 2.2661 4.0675 3.0590
15 2.2201 4.4956 3.2015
16 4.1947 4.8082 2.0774
17 4.1935 4.6926 2.0429
18 3.7644 4.8714 2.3259
19 2.3523 4.5837 3.1503
20 -1.3918 4.0690 3.2511
21 -2.3037 4.2569 3.0396
22 -2.9791 4.6842 2.8323
23 -2.5998 4.7106 2.9488
24 -4.5550 5.1997 2.3113
25 -4.6086 5.0910 2.2404
26 -3.8077 4.5718 2.6647
27 -3.0889 4.4941 2.7732
28 -1.2600 3.5125 3.0949
29 -0.3158 3.0403 3.1940
30 -0.7866 3.7923 3.2922
31 -2.6207 4.4876 2.9053
32 -3.6278 4.6611 2.7400
33 -4.1889 5.0921 2.5283
34 -1.8404 3.9086 3.0668
35 -1.8999 4.3784 3.1985
36 -4.8540 5.0944 2.0637
37 -4.8561 4.9783 2.0296
38 -4.3397 5.0548 2.4107
39 -2.1981 4.5584 3.1481
40 0.0004 1.8680 2.6148
41 0.0011 0.8432 2.3375
42 -0.0015 -0.8069 2.5615
43 0.0012 -0.2223 2.3687
44 0.0010 0.2786 2.2802
45 5.4597 -1.5626 1.1044
46 1.1210 0.8915 2.1103
47 4.9286 -0.1486 0.6648
48 6.7436 -0.7456 -0.7881
49 3.5206 -0.9613 1.5253
50 5.4495 2.3314 1.2511
51 4.7617 2.5914 1.6525
52 1.0435 -1.2041 2.0745
53 5.2302 -0.7674 1.0047
54 5.9204 0.8608 0.3661
55 4.1153 -1.5324 1.5675
56 5.0214 -0.3971 0.8083
57 3.5630 -0.4895 1.3429
58 3.6746 -0.2524 1.1366
59 2.0159 1.9091 2.0771
60 1.2278 -0.1587 1.9048
61 5.8642 -0.0796 0.4539
62 2.0915 -0.7195 1.7048
63 1.9229 -0.0511 1.7603
64 6.3694 -0.8512 0.4136
65 2.9875 -0.0004 1.5053
66 1.2812 1.8809 2.3011
67 2.0193 0.9555 1.9962
68 6.2561 0.8233 0.3532
69 4.1308 -2.2754 1.5580
70 4.3161 -0.5519 1.1616
71 5.5925 0.2725 0.4007
72 6.2318 3.1847 1.2604
73 3.0822 -0.3238 1.4928
74 3.2922 -0.1817 1.3018
75 6.6684 2.4085 0.6784
76 7.1305 3.1797 0.5445
77 2.6979 0.3069 1.6092
78 0.5890 -0.2077 2.0964
79 4.4350 -0.9457 1.3181
80 2.8028 -1.6188 1.8009
81 6.5662 2.0155 0.5754
82 6.9888 1.9957 0.1820
83 7.5269 3.2279 -0.4446
84 7.0865 2.4469 0.3017
85 6.8666 1.4909 0.1208
86 6.4960 1.5768 0.4500
87 5.8779 1.6526 0.4817
88 2.5965 1.3852 1.9746
89 2.7272 -0.1087 1.6036
90 2.6617 -0.6386 1.6508
91 2.7720 1.2212 1.8471
92 3.0916 1.4749 1.8719
93 3.9132 1.9106 1.7382
94 4.6317 2.2246 1.5098
95 5.2333 2.1137 1.1521
96 5.6129 1.9962 0.8544
97 4.2424 -0.2693 0.9849
98 4.3067 2.1104 1.6394
99 4.5195 -0.2322 0.8672
100 3.4813 1.7149 1.8363
101 3.9726 -0.2873 1.0533
102 5.7939 0.5531 0.3560
103 5.8031 1.0673 0.3910
104 4.9262 2.1733 1.3333
105 5.2618 0.1067 0.5537
106 5.7676 1.8430 0.6507
107 2.6326 0.8001 1.7720
108 5.6112 3.3063 1.5939
109 5.1262 2.4441 1.4523
110 2.0033 1.3402 2.0342
111 2.2184 1.7068 2.0464
112 2.3777 1.8964 2.0549
113 2.6233 2.1571 2.0641
114 3.4646 2.6772 2.0519
115 2.5357 2.3629 2.1565
116 1.8510 1.2711 2.0724
117 1.9469 1.6518 2.0731
118 2.8864 2.5714 2.1333
119 3.4423 2.8110 2.1336
120 2.2825 1.1314 1.9964
121 3.1653 1.8912 1.9863
122 3.5634 2.1977 1.9407
123 2.9076 1.7151 1.9947
124 3.9306 2.3858 1.8880
125 4.3080 2.4763 1.8119
126 4.9045 2.9363 1.7670
127 4.3346 2.8849 1.9186
128 2.2190 2.1487 2.1352
129 2.9670 2.4010 2.0720
130 3.1793 2.7223 2.1278
131 3.2444 2.5660 2.0543
132 1.7408 2.3492 2.2936
133 2.3580 2.7879 2.3087
134 2.8350 3.0708 2.3476
135 3.7376 2.8054 2.0344
136 3.2656 3.2491 2.3098
137 5.0735 3.3992 1.8436
138 4.3761 3.4010 2.1138
139 3.7057 3.3372 2.2399
140 2.4222 0.1155 1.7002
141 1.9651 0.5031 1.9006
142 5.3901 -0.2449 0.6388
143 6.3111 1.1551 0.3786
144 5.9340 1.1224 0.3967
145 6.2130 0.3568 0.3940
146 2.2997 0.6903 1.8507
147 2.3007 -0.3362 1.6843
148 5.8246 2.2328 0.9663
149 5.9292 2.0797 0.7967
150 5.9533 1.9093 0.6262
151 6.0028 1.6324 0.5344
152 5.4304 2.8788 1.5270
153 5.8552 2.6992 1.2704
154 5.8698 -0.6464 0.7543
155 4.8256 -2.2706 1.3215
156 4.6987 -1.5540 1.3756
157 3.5594 -1.5899 1.6784
158 6.4468 -1.5420 -0.2022
159 1.1039 0.3454 1.9960
160 0.5243 0.3118 2.2053
161 0.5095 0.8687 2.2704
162 0.6758 1.8862 2.5382
163 5.8250 -1.1091 0.8585
164 6.0384 -2.1700 0.5246
165 6.4715 -0.3535 0.3104
166 6.6634 0.2068 0.1049
167 6.7844 0.9237 0.0821
168 6.4360 -2.0925 -0.9006
169 6.5569 -0.8081 -0.1848
170 6.6654 -0.3478 -0.2279
171 6.2121 -1.5625 0.4614
172 1.9896 -1.1748 1.8580
173 2.7447 -1.0802 1.7095
174 6.4560 0.2857 0.3508
175 6.5041 0.9636 0.3475
176 -5.3681 -1.5934 1.1055
177 -1.1052 0.9918 2.1111
178 -4.6283 -0.3311 0.6389
179 -3.3073 -0.8126 1.5253
180 -5.7912 2.0740 1.2638
181 -5.0445 2.4885 1.6689
182 -1.0288 -1.1561 2.0747
183 -5.0329 -0.8639 0.9948
184 -5.9567 0.5520 0.3745
185 -3.9905 -1.4938 1.5645
186 -4.7533 -0.5349 0.7920
187 -3.2493 -0.2505 1.3457
188 -3.2639 0.0294 1.1508
189 -2.0336 2.0001 2.0769
190 -1.1919 -0.0394 1.9059
191 -5.6939 -0.2833 0.4563
192 -2.0103 -0.5454 1.7055
193 -1.8464 0.1936 1.7608
194 -6.2937 -0.9169 0.4238
195 -2.8337 0.4393 1.4873
196 -1.2803 1.9350 2.3017
197 -1.9836 1.1958 1.9945
198 -6.2881 0.5630 0.3554
199 -4.0802 -2.2614 1.5580
200 -4.0072 -0.4758 1.1484
201 -5.3577 -0.0033 0.4010
202 -6.3572 3.0962 1.2581
203 -2.8543 0.0017 1.4922
204 -3.0029 0.1593 1.3092
205 -6.8032 2.2482 0.6705
206 -7.1877 3.1314 0.5331
207 -2.5576 0.8185 1.6088
208 -0.5782 -0.1594 2.0971
209 -4.2120 -0.9104 1.3084
210 -2.6922 -2.3119 1.9928
211 -2.7275 -1.5440 1.8016
212 -6.7127 1.7830 0.5681
213 -7.0257 0.7748 -0.5660
214 -7.0639 1.8677 0.1672
215 -7.5470 3.2075 -0.4553
216 -7.1609 2.3543 0.2859
217 -6.9338 1.3262 0.1076
218 -6.6231 1.2949 0.4406
219 -6.0714 1.1458 0.4786
220 -2.6260 1.5997 1.9621
221 -2.5786 0.2943 1.5969
222 -2.5174 -0.4064 1.6510
223 -2.7784 1.4663 1.8269
224 -3.2779 1.7235 1.8607
225 -4.1875 2.0735 1.7404
226 -4.9732 2.0850 1.5485
227 -5.6430 1.8011 1.1684
228 -5.9188 1.6060 0.8909
229 -3.8372 -0.1316 0.9801
230 -4.6172 2.1097 1.6611
231 -4.2144 -0.2556 0.8313
232 -3.7347 1.9496 1.8315
233 -3.5680 -0.0808 1.0549
234 -5.6851 0.2785 0.3597
235 -5.9267 0.7402 0.4070
236 -5.3255 1.9304 1.3706
237 -4.9481 -0.1657 0.5465
238 -6.0113 1.3675 0.6904
239 -2.5628 1.2279 1.7680
240 -5.7453 3.2339 1.5948
241 -5.4591 2.2498 1.4723
242 -1.9939 1.5149 2.0328
243 -2.2441 1.8379 2.0436
244 -2.4280 2.0171 2.0525
245 -2.7033 2.2668 2.0623
246 -3.5837 2.7568 2.0505
247 -2.5926 2.4378 2.1555
248 -1.8372 1.4349 2.0716
249 -1.9531 1.7695 2.0725
250 -2.9602 2.6447 2.1322
251 -3.5383 2.8721 2.1321
252 -2.2635 1.3900 1.9914
253 -3.3518 2.0899 1.9818
254 -3.7704 2.3504 1.9395
255 -3.0567 1.9195 1.9880
256 -4.1588 2.4781 1.8906
257 -4.5598 2.4848 1.8221
258 -5.1087 2.8687 1.7746
259 -4.5163 2.8881 1.9221
260 -2.2546 2.2254 2.1347
261 -3.0666 2.5018 2.0704
262 -3.2622 2.7890 2.1265
263 -3.3545 2.6556 2.0528
264 -1.7523 2.3891 2.2940
265 -2.3848 2.8229 2.3084
266 -2.8687 3.1005 2.3466
267 -3.8748 2.8636 2.0340
268 -3.3093 3.2762 2.3084
269 -5.1947 3.3593 1.8451
270 -4.4734 3.4020 2.1144
271 -3.7708 3.3609 2.2387
272 -2.3046 0.5157 1.6986
273 -1.9048 0.7755 1.8996
274 -5.1341 -0.4493 0.6343
275 -6.4016 0.8660 0.3782
276 -6.0545 0.7752 0.4063
277 -6.1463 0.1423 0.3976
278 -2.2284 1.0492 1.8485
279 -2.1944 -0.0655 1.6836
280 -6.0948 1.9243 0.9814
281 -6.1791 1.7233 0.8128
282 -6.1754 1.4810 0.6441
283 -6.1922 1.1760 0.5346
284 -5.6469 2.7533 1.5335
285 -6.0777 2.5245 1.2755
286 -5.7187 -0.7595 0.7567
287 -4.7782 -2.2694 1.3223
288 -4.5791 -1.5499 1.3724
289 -3.4486 -1.5249 1.6780
290 -6.4288 -1.5520 -0.1975
291 -1.0791 0.4553 1.9971
292 -0.5175 0.3539 2.2058
293 -0.5043 0.9066 2.2709
294 -0.6746 1.9079 2.5384
295 -5.7132 -1.1725 0.8618
296 -6.3961 -0.4612 0.3193
297 -6.6375 0.0757 0.1065
298 -6.8178 0.7616 0.0744
299 -6.4388 -2.0854 -0.8992
300 -6.5259 -0.8435 -0.1803
301 -6.6367 -0.4072 -0.2246
302 -6.5773 -1.4862 -0.8321
303 -6.1649 -1.5870 0.4690
304 -1.9339 -1.0710 1.8589
305 -2.6270 -0.9374 1.7102
306 -6.4121 0.1070 0.3544
307 -6.5578 0.7280 0.3437
308 0.0025 3.0396 2.9605
309 0.0041 3.9782 3.1684
310 0.0012 2.4410 2.7696
311 1.5315 5.2761 3.1998
312 5.8771 5.6684 1.8110
313 7.3418 5.8179 0.5249
314 1.5405 3.1277 2.5636
315 1.4235 4.0961 3.0045
316 7.3452 4.4923 0.5927
317 2.0998 3.2963 2.4476
318 3.6307 4.9023 2.6844
319 2.2185 4.4697 2.9507
320 1.6672 3.8977 2.9147
321 5.8290 5.0227 1.8114
322 4.5881 5.0295 2.3263
323 2.7002 3.5914 2.4976
324 4.4129 3.8800 2.1680
325 3.5778 3.8434 2.3711
326 5.4281 3.8898 1.7937
327 7.2535 3.8638 0.5880
328 6.4095 3.8937 1.3123
329 4.4746 4.3867 2.2585
330 5.6822 4.4326 1.7827
331 3.5028 4.3196 2.5234
332 1.3323 3.6221 2.9179
333 0.9137 3.0996 2.9003
334 0.8154 4.0181 3.1081
335 2.8766 5.3502 2.9659
336 2.8834 4.6908 2.8284
337 1.8697 3.6268 2.6650
338 2.5211 3.9772 2.6711
339 1.3637 2.3925 2.3876
340 0.7344 2.4383 2.6983
341 6.5315 4.4542 1.3398
342 6.5380 5.7036 1.3482
343 -7.3310 5.8279 0.5236
344 -1.5390 3.1332 2.5640
345 -1.4139 4.0903 3.0045
346 -7.3512 4.4945 0.5878
347 -2.1053 3.3051 2.4477
348 -3.6239 4.9026 2.6834
349 -2.2087 4.4655 2.9502
350 -1.6586 3.8920 2.9147
351 -5.8331 5.0227 1.8096
352 -4.5878 5.0303 2.3249
353 -2.7099 3.5999 2.4969
354 -4.4648 3.8777 2.1669
355 -3.6028 3.8531 2.3696
356 -5.4959 3.8625 1.7927
357 -7.2782 3.8504 0.5803
358 -6.4639 3.8626 1.3089
359 -4.4958 4.3853 2.2570
360 -5.7097 4.4222 1.7807
361 -3.5075 4.3225 2.5220
362 -1.3248 3.6177 2.9181
363 -0.9088 3.0998 2.9005
364 -0.8068 4.0145 3.1082
365 -2.8652 5.3482 2.9653
366 -2.8743 4.6886 2.8276
367 -1.8652 3.6249 2.6650
368 -2.5183 3.9773 2.6705
369 -0.9025 5.2446 3.2929
370 -1.3662 2.4188 2.3883
371 -0.7325 2.4471 2.6985
372 -6.5516 4.4468 1.3366
373 5.2528 -0.9602 -6.4602
374 0.0002 -7.2680 -0.6449
375 3.7258 -5.0767 -2.8552
376 5.0098 -3.6105 -3.5321
377 1.6516 -6.4845 -1.6308
378 5.1057 -2.5852 -4.9506
379 0.4568 -7.1011 -0.9317
380 2.7535 -5.7836 -2.3507
381 4.4987 -4.3752 -3.1935
382 5.0676 -1.6723 -6.0366
383 0.0001 -4.8602 1.6842
384 0.7688 -4.7403 1.6085
385 1.6048 -4.3829 1.5344
386 1.6989 -4.3367 1.5260
387 1.1385 -4.6437 1.5693
388 0.3687 -4.8463 1.6626
389 4.6645 -0.4577 -7.2663
390 0.0003 -6.3253 -3.3453
391 0.0003 -6.7619 -2.1098
392 4.3990 -1.3504 -6.7363
393 1.4637 -5.5064 -4.1641
394 3.2423 -4.0928 -4.6650
395 4.5533 -3.4516 -4.5524
396 4.3698 -2.4686 -5.9478
397 3.8371 -3.3131 -5.2804
398 3.8994 -2.3892 -6.2253
399 1.6963 -6.0256 -2.7182
400 2.7976 -5.2770 -3.4377
401 3.9049 -4.1734 -4.1311
402 2.7301 -4.0640 -5.3429
403 3.2720 -3.2535 -5.7872
404 1.4230 -4.5134 1.5634
405 1.4179 -4.5296 1.5260
406 1.1407 -4.6645 1.5114
407 0.7883 -4.7650 1.5629
408 0.3782 -4.8527 1.6395
409 -0.0001 -4.8937 1.6809
410 1.6154 -4.4041 1.5430
411 1.7649 -3.9905 1.0861
412 0.8008 -3.9876 0.9037
413 2.0530 -4.6650 1.1237
414 2.0488 -4.1586 1.2172
415 1.5868 -3.8498 1.2744
416 1.8184 -4.8565 0.9514
417 1.3310 -5.0727 0.8770
418 0.9548 -3.9726 1.4536
419 0.7257 -5.2471 1.0090
420 -0.0001 -3.9667 1.4903
421 0.0003 -5.3349 0.7895
422 1.9256 -4.5392 0.9713
423 1.4283 -4.6730 0.8440
424 0.7434 -4.8251 0.6179
425 0.0002 -4.9518 0.7818
426 0.0000 -4.0735 1.0556
427 7.3435 2.5274 -5.4017
428 5.5927 -1.1984 -6.0291
429 6.9234 1.2732 -5.5609
430 5.9127 -0.9317 -5.8523
431 6.3928 -0.1694 -5.7506
432 7.7997 7.8891 -5.4869
433 7.7124 5.1177 -5.4652
434 0.0002 -7.5031 0.4842
435 0.0007 12.1452 1.0588
436 0.0020 10.3293 2.2735
437 0.0046 5.1966 3.2851
438 0.0032 8.5291 3.0062
439 0.0041 6.7217 3.3087
440 -0.0005 13.4789 -0.9186
441 -0.0037 -1.2243 2.8377
442 -0.0054 -1.7310 3.7801
443 -0.0038 -3.4297 2.8271
444 0.0002 -6.7977 0.9322
445 -0.0048 -2.8842 3.2393
446 -0.0022 -4.1209 2.4167
447 0.0002 -7.2815 0.7743
448 -0.0054 -1.8412 3.8015
449 -0.0046 -1.5138 3.2365
450 0.0001 -5.0500 1.6886
451 -0.0053 -2.4342 3.5303
452 0.0001 -6.1023 1.1132
453 -0.0005 -4.7482 1.9400
454 0.0001 -5.3142 1.5430
455 6.6868 -0.3406 -3.8756
456 7.8637 5.1607 -3.2686
457 7.7830 7.6658 -3.0685
458 6.2197 -1.7340 -4.0339
459 6.6971 8.9376 0.1345
460 5.6927 10.9003 -0.4778
461 7.3699 1.9279 -3.6114
462 5.7163 -1.5631 -5.2111
463 7.6952 5.9663 -0.2802
464 6.4694 -1.9277 -2.6043
465 7.4921 7.4358 -0.3488
466 6.8741 -0.5520 -1.5487
467 7.1673 9.6253 -1.8771
468 7.1643 0.7720 -1.4246
469 5.7099 -2.4945 -3.8600
470 5.3326 -3.7449 -2.5357
471 6.0484 -2.7255 -2.5848
472 2.0154 -6.6027 -0.6878
473 3.8034 -5.3672 -1.9275
474 0.3892 -7.4301 0.4583
475 7.2946 1.9929 -0.4771
476 7.6554 4.6027 -0.4080
477 3.0496 -5.9881 -1.3444
478 4.6686 -4.5536 -2.3342
479 7.7179 3.3010 -3.4384
480 2.2726 10.3141 2.0172
481 3.9236 11.6305 0.3881
482 4.6571 10.2784 1.1624
483 1.9428 8.5290 2.7857
484 3.7507 5.4321 2.7059
485 4.3649 8.5262 2.0917
486 5.7710 8.6395 1.2996
487 1.7440 6.7133 3.1548
488 3.9743 6.8524 2.5904
489 5.9826 6.9864 1.5530
490 2.2418 11.9774 0.7677
491 5.6785 12.0516 -2.3953
492 7.0260 10.4379 -3.7991
493 3.9110 12.9630 -1.5977
494 2.2391 13.3108 -1.2105
495 1.9433 -1.7207 2.0287
496 0.9422 -1.8320 2.4713
497 6.4694 -2.0576 -1.7158
498 1.9405 -3.2617 2.2283
499 3.8522 -5.3698 -0.1786
500 3.5137 -4.6027 1.0658
501 4.8648 -4.1853 0.5054
502 5.4139 -4.0464 -1.4859
503 6.1565 -2.8498 -1.7247
504 5.3078 -2.9363 0.9100
505 2.0615 -6.2778 0.4916
506 0.5711 -6.7204 0.9259
507 4.0130 -3.1080 1.4802
508 6.3219 -2.1401 -0.1681
509 6.1132 -2.9532 -0.9777
510 5.2866 -4.2437 -0.7850
511 0.8638 -3.1075 2.6528
512 3.8031 -3.8563 1.3076
513 5.1939 -3.5806 0.6775
514 1.1580 -2.4288 2.5288
515 1.9023 -2.3854 2.2415
516 5.3869 -2.2295 1.0504
517 1.2568 -5.1434 1.4578
518 3.1792 -5.3063 0.7385
519 4.5006 -4.6194 0.3783
520 0.5159 -7.1893 0.7775
521 1.9548 -6.5846 0.0252
522 4.3831 -5.0532 -1.0377
523 3.1659 -5.9106 -0.3928
524 2.5202 -3.9352 1.7833
525 1.7402 -5.3749 1.2428
526 0.4486 -1.7798 2.9396
527 0.2862 -2.4347 3.2199
528 0.3442 -1.4266 2.6724
529 0.8035 -4.8675 1.6111
530 2.7182 -2.3387 1.9922
531 2.6068 -3.1420 1.9950
532 7.0091 0.8527 -0.5591
533 6.8845 0.0373 -0.6788
534 7.0800 0.8070 -3.7638
535 1.2428 -6.5601 0.7745
536 1.2173 -6.9551 0.4016
537 0.9808 -7.1556 0.0309
538 0.3923 -0.9665 2.3500
539 1.8117 -4.3254 1.5970
540 2.2588 -5.0608 1.2260
541 2.4196 -4.3835 1.6203
542 0.6249 -2.4448 2.8692
543 1.8513 -3.9086 1.9957
544 2.0674 -4.5922 1.5439
545 1.1956 -5.9549 1.0607
546 0.5574 -6.0318 1.0834
547 1.7624 -4.6177 1.5790
548 1.1723 -4.7868 1.5787
549 0.3850 -4.9781 1.6673
550 7.2005 7.0738 0.5387
551 1.2111 -4.5038 1.7007
552 1.4839 -4.7093 1.5616
553 0.9455 -4.1043 2.2222
554 0.4160 -4.1442 2.3476
555 0.3866 -4.7295 1.8811
556 0.8077 -4.6585 1.8173
557 1.6764 -4.2858 1.7183
558 1.5905 -4.9707 1.4620
559 0.7347 -5.2940 1.4516
560 4.1924 -4.4211 0.8086
561 4.4277 -3.7880 1.0376
562 4.6606 -3.0564 1.2492
563 3.2831 -5.5989 0.2257
564 3.7822 -5.0779 0.4737
565 3.4766 -2.2928 1.7826
566 3.3732 -3.1347 1.7270
567 3.2722 -3.9357 1.5341
568 2.9605 -4.8186 1.1849
569 0.9012 -3.4141 2.4860
570 2.6540 -6.2125 -0.2257
571 2.6872 -5.9347 0.3548
572 5.7338 -3.6705 -0.9223
573 5.8596 -3.4506 -1.6533
574 5.6534 -3.3648 -2.5586
575 4.9856 -4.4635 -1.3324
576 6.2381 9.8718 -0.1641
577 2.8290 6.7825 2.8959
578 3.1972 8.5284 2.4698
579 0.9123 5.2470 3.2930
580 0.9045 6.7125 3.2759
581 6.8521 -0.4323 -2.5271
582 7.1554 0.8032 -2.3905
583 7.4399 1.9351 -2.3666
584 7.6601 3.2489 -2.1325
585 1.9685 -5.8320 0.9738
586 2.5635 -5.6001 0.8710
587 1.4449 -4.4070 1.6808
588 1.6621 -4.1581 1.8929
589 1.3567 -3.9864 2.0865
590 1.3977 -3.3275 2.3827
591 5.9282 -3.0735 -0.2153
592 5.8603 -2.6771 0.4884
593 6.3107 -2.4887 -0.9469
594 2.0002 -4.1751 1.7251
595 7.8215 4.9762 -1.8231
596 7.6746 7.5740 -1.5370
597 4.7426 -4.7669 -0.4445
598 3.8349 -5.4650 -0.7088
599 5.0868 -4.2508 0.0013
600 5.6024 -3.6682 -0.2127
601 6.1543 -2.5901 -0.1903
602 6.5819 -1.4858 -0.8343
603 5.6853 -3.1589 0.4134
604 5.4183 -3.6835 0.2593
605 -0.0000 -3.8808 1.7820
606 -0.0000 -4.3329 1.5777
607 0.4552 -3.8723 1.7487
608 0.8976 -3.8490 1.6314
609 1.3823 -3.7898 1.3700
610 1.7768 -3.7117 0.9279
611 2.2294 -3.5468 0.0713
612 2.1818 -4.0197 -0.0319
613 1.7346 -4.1669 0.7395
614 1.3570 -4.2500 1.1669
615 0.8824 -4.3035 1.4396
616 0.4531 -4.3249 1.5478
617 1.3176 -4.2413 1.1240
618 1.6218 -4.1526 0.6711
619 1.8232 -4.0016 -0.1062
620 -0.0000 -4.8354 1.5395
621 -0.0000 -4.3473 1.5721
622 0.4353 -4.8269 1.5062
623 0.8584 -4.8040 1.3889
624 1.3165 -4.7502 1.1099
625 1.6952 -4.6678 0.6788
626 2.1356 -4.5041 -0.1887
627 2.1043 -4.0370 -0.0533
628 1.6849 -4.1857 0.7420
629 1.2940 -4.2646 1.1549
630 0.8438 -4.3183 1.4340
631 0.4333 -4.3394 1.5422
632 1.2647 -4.2579 1.1216
633 1.5319 -4.1662 0.6463
634 1.7566 -4.0200 -0.1222
635 -5.2525 -0.9590 -6.4603
636 -3.7267 -5.0762 -2.8553
637 -5.0115 -3.6071 -3.5321
638 -1.6513 -6.4848 -1.6309
639 -5.1062 -2.5817 -4.9503
640 -0.4563 -7.1012 -0.9317
641 -2.7538 -5.7837 -2.3508
642 -4.5001 -4.3734 -3.1936
643 -5.0676 -1.6702 -6.0363
644 -0.7689 -4.7404 1.6085
645 -1.6067 -4.3844 1.5348
646 -1.7010 -4.3386 1.5264
647 -1.1391 -4.6441 1.5694
648 -0.3685 -4.8464 1.6626
649 -4.6644 -0.4587 -7.2665
650 -4.3992 -1.3504 -6.7370
651 -1.4632 -5.5068 -4.1639
652 -3.2422 -4.0928 -4.6649
653 -4.5539 -3.4496 -4.5522
654 -4.3699 -2.4678 -5.9478
655 -3.8372 -3.3127 -5.2804
656 -3.8994 -2.3894 -6.2257
657 -1.6960 -6.0258 -2.7182
658 -2.7976 -5.2770 -3.4376
659 -3.9053 -4.1726 -4.1310
660 -2.7298 -4.0646 -5.3429
661 -3.2720 -3.2540 -5.7875
662 -1.4242 -4.5144 1.5637
663 -1.4193 -4.5313 1.5254
664 -1.1416 -4.6659 1.5107
665 -0.7888 -4.7661 1.5624
666 -0.3784 -4.8532 1.6392
667 -1.6172 -4.4061 1.5429
668 -1.7650 -3.9911 1.0862
669 -0.8007 -3.9878 0.9037
670 -2.0531 -4.6658 1.1233
671 -2.0492 -4.1594 1.2173
672 -1.5871 -3.8505 1.2744
673 -1.8181 -4.8570 0.9511
674 -1.3305 -5.0729 0.8769
675 -0.9550 -3.9731 1.4535
676 -0.7252 -5.2472 1.0089
677 -1.9255 -4.5397 0.9711
678 -1.4280 -4.6733 0.8439
679 -0.7429 -4.8252 0.6179
680 -7.3349 2.5448 -5.4005
681 -5.5924 -1.1946 -6.0285
682 -6.9172 1.2888 -5.5595
683 -5.9121 -0.9251 -5.8515
684 -6.3905 -0.1585 -5.7495
685 -7.7912 7.8984 -5.4852
686 -7.7020 5.1320 -5.4639
687 -6.6845 -0.3292 -3.8750
688 -7.8536 5.1736 -3.2682
689 -7.7736 7.6748 -3.0671
690 -6.2201 -1.7253 -4.0335
691 -6.6875 8.9428 0.1354
692 -5.6879 10.9025 -0.4771
693 -7.3640 1.9405 -3.6117
694 -5.7162 -1.5573 -5.2106
695 -7.6835 5.9775 -0.2812
696 -6.4716 -1.9182 -2.6042
697 -7.4797 7.4449 -0.3481
698 -6.8705 -0.5564 -1.5484
699 -7.1602 9.6303 -1.8759
700 -7.1680 0.7463 -1.4291
701 -5.7112 -2.4880 -3.8598
702 -5.3360 -3.7407 -2.5361
703 -6.0520 -2.7174 -2.5850
704 -2.0154 -6.6032 -0.6879
705 -3.8050 -5.3671 -1.9279
706 -0.3887 -7.4301 0.4583
707 -7.3289 1.9292 -0.4912
708 -7.6537 4.6078 -0.4123
709 -3.0505 -5.9887 -1.3446
710 -4.6713 -4.5518 -2.3346
711 -7.7103 3.3138 -3.4390
712 -2.2679 10.3144 2.0174
713 -3.9206 11.6313 0.3885
714 -4.6510 10.2801 1.1630
715 -1.5210 5.2729 3.1996
716 -1.9356 8.5290 2.7857
717 -3.7416 5.4321 2.7050
718 -5.8703 5.6731 1.8097
719 -4.3555 8.5282 2.0919
720 -5.7609 8.6436 1.3000
721 -1.7344 6.7121 3.1546
722 -3.9630 6.8538 2.5900
723 -5.9707 6.9923 1.5527
724 -2.2400 11.9776 0.7679
725 -5.6761 12.0533 -2.3948
726 -7.0207 10.4425 -3.7980
727 -3.9106 12.9633 -1.5976
728 -2.2398 13.3108 -1.2105
729 -6.7324 -0.7616 -0.7860
730 -1.9135 -1.6693 2.0295
731 -0.9425 -1.8160 2.4716
732 -6.4725 -2.0491 -1.7154
733 -1.9445 -3.2610 2.2287
734 -3.8564 -5.3713 -0.1791
735 -3.5209 -4.6059 1.0659
736 -4.8745 -4.1862 0.5054
737 -5.4199 -4.0429 -1.4867
738 -6.1624 -2.8413 -1.7251
739 -5.3014 -2.9368 0.9123
740 -2.0621 -6.2787 0.4916
741 -0.5708 -6.7205 0.9259
742 -4.0044 -3.1050 1.4811
743 -6.3179 -2.1382 -0.1645
744 -6.1213 -2.9454 -0.9777
745 -5.2944 -4.2417 -0.7859
746 -0.8718 -3.1093 2.6530
747 -3.8087 -3.8585 1.3082
748 -5.2011 -3.5802 0.6787
749 -1.1618 -2.4230 2.5292
750 -1.8945 -2.3678 2.2420
751 -5.3467 -2.2374 1.0530
752 -1.2575 -5.1441 1.4578
753 -3.1837 -5.3088 0.7383
754 -4.5092 -4.6211 0.3779
755 -0.5155 -7.1894 0.7775
756 -1.9549 -6.5852 0.0251
757 -4.3872 -5.0532 -1.0384
758 -3.1677 -5.9117 -0.3931
759 -2.5259 -3.9378 1.7837
760 -1.7416 -5.3761 1.2428
761 -0.4571 -1.7766 2.9397
762 -0.2962 -2.4347 3.2199
763 -0.3510 -1.4198 2.6724
764 -0.8036 -4.8677 1.6111
765 -2.6053 -3.1371 1.9956
766 -6.8759 -0.0080 -0.6796
767 -7.0757 0.8193 -3.7635
768 -1.2428 -6.5605 0.7745
769 -1.2170 -6.9554 0.4015
770 -0.9804 -7.1558 0.0308
771 -0.3929 -0.9487 2.3500
772 -1.8152 -4.3282 1.5973
773 -2.2623 -5.0631 1.2261
774 -2.4253 -4.3871 1.6206
775 -0.6334 -2.4441 2.8694
776 -1.8571 -3.9122 1.9960
777 -2.0714 -4.5951 1.5441
778 -1.1958 -5.9554 1.0607
779 -0.5573 -6.0319 1.0834
780 -1.7650 -4.6198 1.5792
781 -1.1729 -4.7873 1.5788
782 -0.3848 -4.9782 1.6673
783 -7.1875 7.0827 0.5388
784 -1.2131 -4.5059 1.7004
785 -1.4852 -4.7104 1.5618
786 -0.9503 -4.1074 2.2222
787 -0.4204 -4.1457 2.3475
788 -0.3876 -4.7303 1.8809
789 -0.8091 -4.6601 1.8170
790 -1.6800 -4.2890 1.7183
791 -1.5920 -4.9720 1.4621
792 -0.7347 -5.2942 1.4516
793 -4.2009 -4.4236 0.8087
794 -4.4337 -3.7894 1.0383
795 -4.6519 -3.0555 1.2507
796 -3.2864 -5.6008 0.2254
797 -3.7883 -5.0804 0.4734
798 -3.4324 -2.2671 1.7830
799 -3.3664 -3.1295 1.7278
800 -3.2779 -3.9378 1.5346
801 -2.9663 -4.8219 1.1850
802 -0.9086 -3.4171 2.4862
803 -2.6550 -6.2134 -0.2259
804 -2.6890 -5.9362 0.3547
805 -5.7424 -3.6658 -0.9230
806 -5.8660 -3.4444 -1.6541
807 -5.6571 -3.3589 -2.5590
808 -4.9908 -4.4618 -1.3332
809 -6.2310 9.8754 -0.1632
810 -2.8181 6.7820 2.8956
811 -3.1888 8.5291 2.4699
812 -0.8958 6.7116 3.2758
813 -6.8504 -0.4257 -2.5271
814 -7.1538 0.8040 -2.3922
815 -7.4390 1.9355 -2.3699
816 -7.6579 3.2535 -2.1359
817 -1.9696 -5.8332 0.9738
818 -2.5660 -5.6021 0.8709
819 -1.4473 -4.4095 1.6805
820 -1.6668 -4.1620 1.8929
821 -1.3621 -3.9902 2.0865
822 -1.4044 -3.3298 2.3830
823 -6.0175 -2.1756 0.5305
824 -5.9367 -3.0683 -0.2144
825 -5.8560 -2.6764 0.4921
826 -6.3169 -2.4800 -0.9463
827 -2.0055 -4.1788 1.7254
828 -7.8124 4.9873 -1.8242
829 -7.6637 7.5830 -1.5361
830 -6.5301 5.7103 1.3468
831 -4.7494 -4.7671 -0.4454
832 -3.8380 -5.4658 -0.7093
833 -5.0965 -4.2505 0.0008
834 -5.6127 -3.6651 -0.2129
835 -6.1584 -2.5849 -0.1883
836 -5.6911 -3.1564 0.4154
837 -5.4284 -3.6819 0.2598
838 -0.4552 -3.8723 1.7487
839 -0.8976 -3.8490 1.6314
840 -1.3823 -3.7898 1.3700
841 -1.7768 -3.7117 0.9279
842 -2.2294 -3.5468 0.0713
843 -2.1818 -4.0197 -0.0319
844 -1.7346 -4.1669 0.7395
845 -1.3570 -4.2500 1.1669
846 -0.8824 -4.3035 1.4396
847 -0.4531 -4.3249 1.5478
848 -1.3176 -4.2413 1.1240
849 -1.6218 -4.1526 0.6711
850 -1.8232 -4.0016 -0.1062
851 -0.4353 -4.8269 1.5062
852 -0.8584 -4.8040 1.3889
853 -1.3165 -4.7502 1.1099
854 -1.6952 -4.6678 0.6788
855 -2.1356 -4.5041 -0.1887
856 -2.1043 -4.0370 -0.0533
857 -1.6849 -4.1857 0.7420
858 -1.2940 -4.2646 1.1549
859 -0.8438 -4.3183 1.4340
860 -0.4333 -4.3394 1.5422
861 -1.2647 -4.2579 1.1216
862 -1.5319 -4.1662 0.6463
863 -1.7566 -4.0200 -0.1222
864 4.8977 -0.5506 0.6478
865 3.2297 -0.4679 1.1086
866 2.5046 0.0821 1.4759
867 5.6876 -0.0933 0.3893
868 2.8894 -0.2706 1.2624
869 2.2245 0.4907 1.5954
870 6.3738 1.5224 0.4744
871 2.4195 1.6546 1.8642
872 2.8202 2.1266 1.8691
873 3.8840 2.7928 1.7885
874 5.0068 2.9848 1.5630
875 5.9224 2.5650 1.1041
876 6.2606 2.2859 0.8383
877 3.9044 -0.5608 0.9590
878 4.4630 2.9507 1.7086
879 4.3822 -0.5660 0.8245
880 3.2686 2.5569 1.8593
881 3.5858 -0.5454 1.0275
882 5.9650 0.2623 0.3475
883 6.2490 1.0241 0.3892
884 5.4602 2.8122 1.3475
885 5.3279 -0.3111 0.5293
886 6.4553 1.9461 0.6277
887 2.2008 1.1552 1.7866
888 4.4345 0.8410 0.5606
889 3.4026 2.3607 1.5927
890 2.6367 1.5878 1.6271
891 2.3425 0.6012 1.4757
892 2.9753 -0.1900 1.1157
893 3.6634 -0.3469 0.9482
894 4.3718 -0.3975 0.7562
895 5.1915 -0.1596 0.4999
896 5.7367 0.3612 0.3564
897 6.2081 1.4874 0.3755
898 5.9748 2.1205 0.7827
899 5.2842 2.5973 1.0992
900 4.4299 2.6830 1.3409
901 -4.8977 -0.5506 0.6478
902 -3.2297 -0.4679 1.1086
903 -2.5046 0.0821 1.4759
904 -5.6876 -0.0933 0.3893
905 -2.8894 -0.2706 1.2624
906 -2.2245 0.4907 1.5954
907 -6.3738 1.5224 0.4744
908 -2.4195 1.6546 1.8642
909 -2.8202 2.1266 1.8691
910 -3.8840 2.7928 1.7885
911 -5.0068 2.9848 1.5630
912 -5.9224 2.5650 1.1041
913 -6.2606 2.2859 0.8383
914 -3.9044 -0.5608 0.9590
915 -4.4630 2.9507 1.7086
916 -4.3822 -0.5660 0.8245
917 -3.2686 2.5569 1.8593
918 -3.5858 -0.5454 1.0275
919 -5.9650 0.2623 0.3475
920 -6.2490 1.0241 0.3892
921 -5.4602 2.8122 1.3475
922 -5.3279 -0.3111 0.5293
923 -6.4553 1.9461 0.6277
924 -2.2008 1.1552 1.7866
925 -4.4345 0.8410 0.5606
926 -3.4026 2.3607 1.5927
927 -2.6367 1.5878 1.6271
928 -2.3425 0.6012 1.4757
929 -2.9753 -0.1900 1.1157
930 -3.6634 -0.3469 0.9482
931 -4.3718 -0.3975 0.7562
932 -5.1915 -0.1596 0.4999
933 -5.7367 0.3612 0.3564
934 -6.2081 1.4874 0.3755
935 -5.9748 2.1205 0.7827
936 -5.2842 2.5973 1.0992
937 -4.4299 2.6830 1.3409
938 7.3236 2.5313 -5.3993
939 5.5897 -1.1966 -6.0280
940 6.9063 1.2777 -5.5582
941 5.0849 -1.0337 -6.4598
942 5.9072 -0.9290 -5.8508
943 6.3827 -0.1655 -5.7484
944 7.7859 7.8875 -5.4848
945 7.6932 5.1176 -5.4631
946 0.0000 3.8480 -12.1988
947 0.0000 1.1390 -10.8648
948 4.6654 -0.4583 -7.2665
949 5.4041 1.5958 -7.9166
950 6.8630 2.8284 -6.8144
951 6.1292 2.3409 -7.5341
952 6.4262 7.6710 -9.1477
953 6.0542 4.7081 -8.9337
954 4.1817 7.5294 -11.3285
955 3.8503 4.2410 -11.0264
956 3.0498 1.0254 -9.5815
957 1.3461 1.1938 -10.4654
958 6.4823 -1.2235 -7.0095
959 7.5836 -0.5002 -7.9274
960 8.0467 1.5961 -8.2890
961 7.2154 1.9014 -6.2012
962 7.9892 3.4104 -7.7960
963 8.3650 0.5210 -8.5679
964 8.5185 2.5752 -8.4089
965 6.9004 1.2731 -8.1429
966 7.0974 2.3928 -7.7509
967 5.8943 -0.4183 -7.1213
968 7.5567 3.2650 -7.5587
969 7.7326 2.6507 -8.2805
970 7.7722 1.2674 -8.6955
971 7.3651 2.8364 -6.2377
972 7.0611 0.9986 -6.2499
973 7.2108 -0.4255 -7.9836
974 5.7575 -1.3189 -6.3171
975 4.0268 0.2776 -8.3715
976 0.0000 7.4527 -12.8204
977 8.7199 1.8106 -8.7497
978 7.2271 3.0522 -7.1490
979 7.5670 3.2921 -6.8578
980 7.1804 1.2249 -7.2670
981 7.4166 2.2316 -7.3413
982 6.7890 0.0171 -6.9129
983 -7.3236 2.5313 -5.3993
984 -5.5897 -1.1966 -6.0280
985 -6.9063 1.2777 -5.5582
986 -5.0849 -1.0337 -6.4598
987 -5.9072 -0.9290 -5.8508
988 -6.3827 -0.1655 -5.7484
989 -7.7859 7.8875 -5.4848
990 -7.6932 5.1176 -5.4631
991 -4.6654 -0.4583 -7.2665
992 -5.4041 1.5958 -7.9166
993 -6.8630 2.8284 -6.8144
994 -6.1292 2.3409 -7.5341
995 -6.4262 7.6710 -9.1477
996 -6.0542 4.7081 -8.9337
997 -4.1817 7.5294 -11.3285
998 -3.8503 4.2410 -11.0264
999 -3.0498 1.0254 -9.5815
1000 -1.3461 1.1938 -10.4654
1001 -6.4823 -1.2235 -7.0095
1002 -7.5836 -0.5002 -7.9274
1003 -8.0467 1.5961 -8.2890
1004 -7.2154 1.9014 -6.2012
1005 -7.9892 3.4104 -7.7960
1006 -8.3650 0.5210 -8.5679
1007 -8.5185 2.5752 -8.4089
1008 -6.9004 1.2731 -8.1429
1009 -7.0974 2.3928 -7.7509
1010 -5.8943 -0.4183 -7.1213
1011 -7.5567 3.2650 -7.5587
1012 -7.7326 2.6507 -8.2805
1013 -7.7722 1.2674 -8.6955
1014 -7.3651 2.8364 -6.2377
1015 -7.0611 0.9986 -6.2499
1016 -7.2108 -0.4255 -7.9836
1017 -5.7575 -1.3189 -6.3171
1018 -4.0268 0.2776 -8.3715
1019 -8.7199 1.8106 -8.7497
1020 -7.2271 3.0522 -7.1490
1021 -7.5670 3.2921 -6.8578
1022 -7.1804 1.2249 -7.2670
1023 -7.4166 2.2316 -7.3413
1024 -6.7890 0.0171 -6.9129
