0 1.4273 137.8400 7.9875
1 2.3524 137.9456 7.8441
2 3.0442 138.5517 7.7635
3 2.6468 138.4178 7.8388
4 4.2781 138.8194 7.4231
5 4.3994 138.7315 7.3624
6 3.5879 138.5224 7.6311
7 3.1697 138.3760 7.7202
8 1.7559 137.4698 7.8511
9 1.2958 137.0961 7.8452
10 1.1404 137.6496 7.9896
11 2.7482 138.2035 7.7934
12 3.4696 138.6597 7.6699
13 3.8273 138.7371 7.5827
14 2.0636 137.7124 7.8608
15 1.7626 138.0264 7.9668
16 4.6865 138.8764 7.2463
17 4.7497 138.7775 7.2150
18 3.9641 138.6333 7.5134
19 2.1322 138.2112 7.9171
20 -1.4273 137.8400 7.9875
21 -2.3524 137.9456 7.8441
22 -3.0442 138.5517 7.7635
23 -2.6468 138.4178 7.8388
24 -4.2781 138.8194 7.4231
25 -4.3994 138.7315 7.3624
26 -3.5879 138.5224 7.6311
27 -3.1697 138.3760 7.7202
28 -1.7559 137.4698 7.8511
29 -1.2958 137.0961 7.8452
30 -1.1404 137.6496 7.9896
31 -2.7482 138.2035 7.7934
32 -3.4696 138.6597 7.6699
33 -3.8273 138.7371 7.5827
34 -2.0636 137.7124 7.8608
35 -1.7626 138.0264 7.9668
36 -4.6865 138.8764 7.2463
37 -4.7497 138.7775 7.2150
38 -3.9641 138.6333 7.5134
39 -2.1322 138.2112 7.9171
40 -0.0000 135.6162 7.5044
41 -0.0000 134.5915 7.2282
42 -0.0000 132.9483 7.4521
43 -0.0000 133.5292 7.2600
44 -0.0000 134.0285 7.1713
45 5.4441 132.0973 5.9960
46 1.0351 134.6797 7.0010
47 4.8833 133.2269 5.5348
48 6.7468 132.9837 4.0993
49 3.2971 132.7083 6.4053
50 5.8223 136.1745 6.1468
51 4.9950 136.4950 6.5440
52 0.9964 132.5603 6.9674
53 5.1997 132.7699 5.8883
54 6.2018 134.4862 5.2648
55 4.0238 132.1476 6.4547
56 4.9761 133.0431 5.6846
57 3.2142 133.1384 6.2112
58 3.2428 133.3211 5.9992
59 1.9550 135.7176 6.9671
60 1.1132 133.6296 6.7972
61 5.9168 133.4181 5.3423
62 1.9127 133.0652 6.5953
63 1.6890 133.7723 6.6495
64 6.3842 132.7966 5.3033
65 2.5124 133.8466 6.3639
66 1.2402 135.6565 7.1917
67 1.8121 134.7933 6.8802
68 6.4800 134.4606 5.2430
69 4.0984 131.4468 6.4489
70 4.0822 132.9831 6.0290
71 5.6582 133.6855 5.2854
72 6.3750 136.9721 6.1509
73 2.7118 133.4176 6.3587
74 2.8944 133.5002 6.1515
75 6.8742 136.1598 5.5642
76 7.2120 136.9454 5.4245
77 2.2245 134.2416 6.4824
78 0.5430 133.5613 6.9890
79 4.2862 132.6472 6.1959
80 2.7094 132.1195 6.6912
81 6.8309 135.7342 5.4601
82 7.1349 135.7265 5.0556
83 7.5614 136.9850 4.4328
84 7.2099 136.1978 5.1760
85 7.0319 135.1955 4.9926
86 6.7844 135.2601 5.3296
87 6.3562 135.2733 5.3614
88 2.4200 135.2722 6.8442
89 2.3169 133.7379 6.4781
90 2.4078 133.1302 6.5335
91 2.5380 135.1164 6.7034
92 2.9595 135.4918 6.7319
93 3.9263 135.9775 6.6039
94 4.9279 136.1708 6.4014
95 5.6781 135.9697 6.0404
96 6.0571 135.7297 5.7756
97 3.8897 133.2162 5.8502
98 4.4600 136.0935 6.5230
99 4.3726 133.2161 5.7133
100 3.4432 135.8024 6.6953
101 3.5780 133.2342 5.9187
102 5.9133 134.0471 5.2455
103 6.2011 134.7837 5.2998
104 5.3107 136.0973 6.2340
105 5.2971 133.4644 5.4301
106 6.2548 135.5137 5.5783
107 2.2504 134.6732 6.6268
108 5.7427 137.1102 6.4855
109 5.4501 136.3328 6.3490
110 1.8617 135.1654 6.9205
111 2.1262 135.5413 6.9322
112 2.3072 135.7455 6.9411
113 2.5763 136.0239 6.9511
114 3.4638 136.5573 6.9399
115 2.5064 136.1934 7.0455
116 1.7168 135.0874 6.9600
117 1.8591 135.4633 6.9622
118 2.8667 136.4149 7.0227
119 3.4444 136.6617 7.0218
120 2.0643 134.9858 6.8732
121 3.1037 135.8902 6.8603
122 3.5526 136.1899 6.8186
123 2.8104 135.6839 6.8684
124 3.9759 136.3551 6.7697
125 4.4304 136.4162 6.6984
126 5.0693 136.7952 6.6584
127 4.4273 136.7643 6.8068
128 2.1783 135.9640 7.0249
129 2.9386 136.2793 6.9594
130 3.1699 136.5683 7.0172
131 3.2311 136.4458 6.9424
132 1.7172 136.1281 7.1842
133 2.3453 136.5758 7.1987
134 2.8296 136.8600 7.2370
135 3.7625 136.6841 6.9219
136 3.2673 137.0434 7.1988
137 5.1722 137.2126 6.7340
138 4.4281 137.2172 7.0027
139 3.7212 137.1441 7.1284
140 2.0452 133.9931 6.5817
141 1.7201 134.3443 6.7857
142 5.4064 133.1847 5.5231
143 6.5954 134.8210 5.2661
144 6.3147 134.8040 5.2975
145 6.3251 133.9303 5.2827
146 1.9776 134.5592 6.7269
147 2.0303 133.4801 6.5710
148 6.1980 135.9919 5.8717
149 6.3296 135.7998 5.7033
150 6.3938 135.5811 5.5329
151 6.4467 135.2722 5.4213
152 5.6445 136.7134 6.4209
153 6.1099 136.5030 6.1666
154 5.8793 132.9220 5.6457
155 4.8059 131.4445 6.2128
156 4.6369 132.1083 6.2639
157 3.4554 132.1164 6.5667
158 6.4474 132.1844 4.6875
159 1.0039 134.1348 6.8877
160 0.4879 134.0791 7.0967
161 0.4776 134.6337 7.1613
162 0.6593 135.6448 7.4280
163 5.8225 132.5156 5.7506
164 6.0396 131.5555 5.4147
165 6.5091 133.2705 5.1980
166 6.7394 133.8566 4.9850
167 6.9261 134.6045 4.9549
168 6.4321 131.6624 3.9882
169 6.5663 132.8938 4.7045
170 6.6898 133.3421 4.6588
171 6.2142 132.1305 5.3521
172 1.8810 132.5923 6.7496
173 2.5761 132.6632 6.5971
174 6.5567 133.8954 5.2359
175 6.7200 134.6234 5.2278
176 -5.4441 132.0973 5.9960
177 -1.0351 134.6797 7.0010
178 -4.8833 133.2269 5.5348
179 -3.2971 132.7083 6.4053
180 -5.8223 136.1745 6.1468
181 -4.9950 136.4950 6.5440
182 -0.9964 132.5603 6.9674
183 -5.1997 132.7699 5.8883
184 -6.2018 134.4862 5.2648
185 -4.0238 132.1476 6.4547
186 -4.9761 133.0431 5.6846
187 -3.2142 133.1384 6.2112
188 -3.2428 133.3211 5.9992
189 -1.9550 135.7176 6.9671
190 -1.1132 133.6296 6.7972
191 -5.9168 133.4181 5.3423
192 -1.9127 133.0652 6.5953
193 -1.6890 133.7723 6.6495
194 -6.3842 132.7966 5.3033
195 -2.5124 133.8466 6.3639
196 -1.2402 135.6565 7.1917
197 -1.8121 134.7933 6.8802
198 -6.4800 134.4606 5.2430
199 -4.0984 131.4468 6.4489
200 -4.0822 132.9831 6.0290
201 -5.6582 133.6855 5.2854
202 -6.3750 136.9721 6.1509
203 -2.7118 133.4176 6.3587
204 -2.8944 133.5002 6.1515
205 -6.8742 136.1598 5.5642
206 -7.2120 136.9454 5.4245
207 -2.2245 134.2416 6.4824
208 -0.5430 133.5613 6.9890
209 -4.2862 132.6472 6.1959
210 -2.6877 131.4101 6.8829
211 -2.7094 132.1195 6.6912
212 -6.8309 135.7342 5.4601
213 -7.0751 134.5690 4.3175
214 -7.1349 135.7265 5.0556
215 -7.5614 136.9850 4.4328
216 -7.2099 136.1978 5.1760
217 -7.0319 135.1955 4.9926
218 -6.7844 135.2601 5.3296
219 -6.3562 135.2733 5.3614
220 -2.4200 135.2722 6.8442
221 -2.3169 133.7379 6.4781
222 -2.4078 133.1302 6.5335
223 -2.5380 135.1164 6.7034
224 -2.9595 135.4918 6.7319
225 -3.9263 135.9775 6.6039
226 -4.9279 136.1708 6.4014
227 -5.6781 135.9697 6.0404
228 -6.0571 135.7297 5.7756
229 -3.8897 133.2162 5.8502
230 -4.4600 136.0935 6.5230
231 -4.3726 133.2161 5.7133
232 -3.4432 135.8024 6.6953
233 -3.5780 133.2342 5.9187
234 -5.9133 134.0471 5.2455
235 -6.2011 134.7837 5.2998
236 -5.3107 136.0973 6.2340
237 -5.2971 133.4644 5.4301
238 -6.2548 135.5137 5.5783
239 -2.2504 134.6732 6.6268
240 -5.7427 137.1102 6.4855
241 -5.4501 136.3328 6.3490
242 -1.8617 135.1654 6.9205
243 -2.1262 135.5413 6.9322
244 -2.3072 135.7455 6.9411
245 -2.5763 136.0239 6.9511
246 -3.4638 136.5573 6.9399
247 -2.5064 136.1934 7.0455
248 -1.7168 135.0874 6.9600
249 -1.8591 135.4633 6.9622
250 -2.8667 136.4149 7.0227
251 -3.4444 136.6617 7.0218
252 -2.0643 134.9858 6.8732
253 -3.1037 135.8902 6.8603
254 -3.5526 136.1899 6.8186
255 -2.8104 135.6839 6.8684
256 -3.9759 136.3551 6.7697
257 -4.4304 136.4162 6.6984
258 -5.0693 136.7952 6.6584
259 -4.4273 136.7643 6.8068
260 -2.1783 135.9640 7.0249
261 -2.9386 136.2793 6.9594
262 -3.1699 136.5683 7.0172
263 -3.2311 136.4458 6.9424
264 -1.7172 136.1281 7.1842
265 -2.3453 136.5758 7.1987
266 -2.8296 136.8600 7.2370
267 -3.7625 136.6841 6.9219
268 -3.2673 137.0434 7.1988
269 -5.1722 137.2126 6.7340
270 -4.4281 137.2172 7.0027
271 -3.7212 137.1441 7.1284
272 -2.0452 133.9931 6.5817
273 -1.7201 134.3443 6.7857
274 -5.4064 133.1847 5.5231
275 -6.5954 134.8210 5.2661
276 -6.3147 134.8040 5.2975
277 -6.3251 133.9303 5.2827
278 -1.9776 134.5592 6.7269
279 -2.0303 133.4801 6.5710
280 -6.1980 135.9919 5.8717
281 -6.3296 135.7998 5.7033
282 -6.3938 135.5811 5.5329
283 -6.4467 135.2722 5.4213
284 -5.6445 136.7134 6.4209
285 -6.1099 136.5030 6.1666
286 -5.8793 132.9220 5.6457
287 -4.8059 131.4445 6.2128
288 -4.6369 132.1083 6.2639
289 -3.4554 132.1164 6.5667
290 -6.4474 132.1844 4.6875
291 -1.0039 134.1348 6.8877
292 -0.4879 134.0791 7.0967
293 -0.4776 134.6337 7.1613
294 -0.6593 135.6448 7.4280
295 -5.8225 132.5156 5.7506
296 -6.5091 133.2705 5.1980
297 -6.7394 133.8566 4.9850
298 -6.9261 134.6045 4.9549
299 -6.4321 131.6624 3.9882
300 -6.5663 132.8938 4.7045
301 -6.6898 133.3421 4.6588
302 -6.5791 132.2581 4.0544
303 -6.2142 132.1305 5.3521
304 -1.8810 132.5923 6.7496
305 -2.5761 132.6632 6.5971
306 -6.5567 133.8954 5.2359
307 -6.7200 134.6234 5.2278
308 -0.0000 136.7864 7.8489
309 -0.0000 137.7231 8.0560
310 -0.0000 136.1890 7.6586
311 1.5284 139.0179 8.0870
312 5.8705 139.4178 6.6988
313 7.3298 139.5688 5.4118
314 1.5361 136.8807 7.4534
315 1.4232 137.8372 7.8923
316 7.3539 138.2522 5.4775
317 2.0962 137.0562 7.3375
318 3.6268 138.6479 7.5722
319 2.2166 138.2112 7.8384
320 1.6675 137.6395 7.8028
321 5.8328 138.7771 6.6995
322 4.5876 138.7801 7.2142
323 2.6986 137.3530 7.3867
324 4.4429 137.6637 7.0567
325 3.5831 137.6153 7.2597
326 5.4881 137.6724 6.6833
327 7.2875 137.6277 5.4709
328 6.4695 137.6658 6.2006
329 4.4874 138.1503 7.1468
330 5.7072 138.1970 6.6713
331 3.5026 138.0742 7.4116
332 1.3322 137.3653 7.8062
333 0.9116 136.8464 7.7889
334 0.8139 137.7609 7.9958
335 2.8718 139.0917 7.8533
336 2.8800 138.4336 7.7161
337 1.8691 137.3739 7.5540
338 2.5195 137.7258 7.5596
339 1.3460 136.1581 7.2783
340 0.7275 136.1910 7.5876
341 6.5536 138.2165 6.2274
342 6.5300 139.4540 6.2357
343 -7.3298 139.5688 5.4118
344 -1.5361 136.8807 7.4534
345 -1.4232 137.8372 7.8923
346 -7.3539 138.2522 5.4775
347 -2.0962 137.0562 7.3375
348 -3.6268 138.6479 7.5722
349 -2.2166 138.2112 7.8384
350 -1.6675 137.6395 7.8028
351 -5.8328 138.7771 6.6995
352 -4.5876 138.7801 7.2142
353 -2.6986 137.3530 7.3867
354 -4.4429 137.6637 7.0567
355 -3.5831 137.6153 7.2597
356 -5.4881 137.6724 6.6833
357 -7.2875 137.6277 5.4709
358 -6.4695 137.6658 6.2006
359 -4.4874 138.1503 7.1468
360 -5.7072 138.1970 6.6713
361 -3.5026 138.0742 7.4116
362 -1.3322 137.3653 7.8062
363 -0.9116 136.8464 7.7889
364 -0.8139 137.7609 7.9958
365 -2.8718 139.0917 7.8533
366 -2.8800 138.4336 7.7161
367 -1.8691 137.3739 7.5540
368 -2.5195 137.7258 7.5596
369 -0.9090 138.9897 8.1801
370 -1.3460 136.1581 7.2783
371 -0.7275 136.1910 7.5876
372 -6.5536 138.2165 6.2274
373 5.2521 132.7912 -1.5728
374 0.0000 126.4822 4.2420
375 3.7258 128.6753 2.0320
376 5.0080 130.1438 1.3557
377 1.6516 127.2659 3.2561
378 5.1033 131.1680 -0.0627
379 0.4566 126.6491 3.9552
380 2.7537 127.9674 2.5363
381 4.4981 129.3781 1.6940
382 5.0661 132.0797 -1.1490
383 0.0000 128.8902 6.5712
384 0.7689 129.0102 6.4955
385 1.6067 129.3680 6.4211
386 1.7011 129.4142 6.4126
387 1.1390 129.1069 6.4563
388 0.3686 128.9041 6.5496
389 4.6654 133.2926 -2.3795
390 0.0000 127.4248 1.5416
391 0.0000 126.9883 2.7771
392 4.3992 132.4008 -1.8501
393 1.4635 128.2435 0.7229
394 3.2420 129.6578 0.2221
395 4.5521 130.3009 0.3352
396 4.3692 131.2827 -1.0607
397 3.8366 130.4378 -0.3933
398 3.8994 131.3614 -1.3388
399 1.6962 127.7247 2.1687
400 2.7975 128.4738 1.4494
401 3.9044 129.5782 0.7562
402 2.7299 129.6859 -0.4560
403 3.2718 130.4965 -0.9005
404 1.4242 129.2373 6.4503
405 1.4199 129.2211 6.4128
406 1.1424 129.0861 6.3983
407 0.7895 128.9856 6.4499
408 0.3788 128.8981 6.5267
409 0.0000 128.8574 6.5682
410 1.6175 129.3466 6.4297
411 1.7652 129.7599 5.9728
412 0.8009 129.7627 5.7906
413 2.0534 129.0854 6.0103
414 2.0494 129.5919 6.1037
415 1.5873 129.9006 6.1610
416 1.8185 128.8939 5.8382
417 1.3309 128.6777 5.7640
418 0.9553 129.7779 6.3404
419 0.7255 128.5032 5.8960
420 0.0000 129.7839 6.3772
421 0.0000 128.4154 5.6766
422 1.9258 129.2112 5.8580
423 1.4283 129.0773 5.7309
424 0.7432 128.9252 5.5049
425 0.0000 128.7985 5.6688
426 0.0000 129.6769 5.9425
427 7.3236 136.2822 -0.5123
428 5.5897 132.5543 -1.1410
429 6.9063 135.0286 -0.6712
430 5.9072 132.8219 -0.9638
431 6.3827 133.5854 -0.8614
432 7.7859 141.6384 -0.5978
433 7.6932 138.8685 -0.5761
434 0.0000 126.2472 5.3712
435 0.0000 145.8948 5.9460
436 0.0000 144.0772 7.1605
437 0.0000 138.9409 8.1722
438 0.0000 142.2754 7.8931
439 0.0000 140.4667 8.1955
440 0.0000 147.2302 3.9687
441 0.0000 132.5333 7.7267
442 0.0000 132.0276 8.6665
443 0.0000 130.3266 7.7145
444 0.0000 126.9527 5.8192
445 0.0000 130.8734 8.1267
446 0.0000 129.6332 7.3039
447 0.0000 126.4688 5.6613
448 0.0000 131.9173 8.6880
449 0.0000 132.2447 8.1236
450 0.0000 128.7004 6.5756
451 0.0000 131.3239 8.4173
452 0.0000 127.6482 6.0002
453 0.0000 129.0035 6.8273
454 0.0000 128.4363 6.4300
455 6.6755 133.4148 1.0132
456 7.8469 138.9118 1.6194
457 7.7692 141.4144 1.8201
458 6.2129 132.0221 0.8547
459 6.6867 142.6839 5.0223
460 5.6876 144.6481 4.4099
461 7.3553 135.6817 1.2763
462 5.7116 132.1909 -0.3228
463 7.6811 139.7170 4.6065
464 6.4624 131.8297 2.2840
465 7.4773 141.1831 4.5390
466 6.8724 133.1911 3.3378
467 7.1583 143.3728 3.0111
468 7.1827 134.5090 3.4559
469 5.7053 131.2612 1.0283
470 5.3308 130.0115 2.3521
471 6.0436 131.0328 2.3035
472 2.0157 127.1479 4.1991
473 3.8040 128.3853 2.9596
474 0.3890 126.3202 5.3453
475 7.3667 135.7328 4.3944
476 7.6548 138.3582 4.4761
477 3.0503 127.7633 3.5426
478 4.6685 129.2008 2.5532
479 7.7026 137.0540 1.4487
480 2.2695 144.0616 6.9043
481 3.9209 145.3792 5.2755
482 4.6518 144.0253 6.0499
483 1.9386 142.2747 7.6726
484 3.7456 139.1762 7.5935
485 4.3575 142.2713 6.9790
486 5.7614 142.3851 6.1871
487 1.7395 140.4568 8.0417
488 3.9666 140.5961 7.4777
489 5.9712 140.7325 6.4406
490 2.2404 145.7267 5.6550
491 5.6753 145.8008 2.4926
492 7.0185 144.1865 1.0893
493 3.9102 146.7133 3.2898
494 2.2393 147.0618 3.6768
495 1.8897 132.0375 6.9202
496 0.9299 131.9275 7.3614
497 6.4637 131.6993 3.1727
498 1.9437 130.4932 7.1172
499 3.8551 128.3839 4.7085
500 3.5200 129.1521 5.9537
501 4.8710 129.5725 5.3932
502 5.4140 129.7117 3.4017
503 6.1527 130.9104 3.1636
504 5.3098 130.8072 5.8001
505 2.0623 127.4730 5.3786
506 0.5710 127.0300 5.8129
507 4.0095 130.6388 6.3707
508 6.3214 131.6044 4.7211
509 6.1114 130.8078 3.9106
510 5.2888 129.5149 4.1024
511 0.8699 130.6482 7.5407
512 3.8090 129.8980 6.1967
513 5.1994 130.1749 5.5662
514 1.1564 131.3284 7.4179
515 1.8869 131.3708 7.1316
516 5.3796 131.4834 5.9419
517 1.2576 128.6073 6.3448
518 3.1832 128.4469 5.6257
519 4.5063 129.1375 5.2658
520 0.5157 126.5610 5.6645
521 1.9552 127.1660 4.9121
522 4.3849 128.7014 3.8494
523 3.1674 127.8413 4.4942
524 2.5262 129.8188 6.6717
525 1.7417 128.3762 6.1298
526 0.4506 131.9791 7.8274
527 0.2914 131.3231 8.1072
528 0.3415 132.3329 7.5621
529 0.8036 128.8830 6.4981
530 2.6877 131.4101 6.8829
531 2.6048 130.6117 6.8848
532 7.0751 134.5690 4.3175
533 6.9087 133.7518 4.2040
534 7.0664 134.5616 1.1246
535 1.2430 127.1904 5.6615
536 1.2173 126.7953 5.2885
537 0.9807 126.5947 4.9178
538 0.3765 132.7944 7.2418
539 1.8155 129.4261 6.4840
540 2.2623 128.6913 6.1132
541 2.4256 129.3697 6.5081
542 0.6290 131.3125 7.7572
543 1.8577 129.8447 6.8836
544 2.0717 129.1599 6.4312
545 1.1960 127.7957 5.9477
546 0.5574 127.7187 5.9704
547 1.7652 129.1336 6.4660
548 1.1729 128.9638 6.4657
549 0.3849 128.7723 6.5543
550 7.1861 140.8210 5.4262
551 1.2138 129.2472 6.5877
552 1.4853 129.0416 6.4486
553 0.9504 129.6484 7.1095
554 0.4194 129.6091 7.2348
555 0.3877 129.0218 6.7683
556 0.8096 129.0925 6.7044
557 1.6806 129.4657 6.6053
558 1.5922 128.7803 6.3490
559 0.7348 128.4565 6.3386
560 4.1990 129.3351 5.6966
561 4.4335 129.9666 5.9266
562 4.6595 130.6878 6.1397
563 3.2858 128.1537 5.1127
564 3.7869 128.6766 5.3610
565 3.4383 131.4419 6.6734
566 3.3687 130.6153 6.6173
567 3.2781 129.8187 6.4230
568 2.9660 128.9350 6.0725
569 0.9078 130.3405 7.3737
570 2.6550 127.5387 4.6612
571 2.6889 127.8168 5.2418
572 5.7345 130.0899 3.9654
573 5.8579 130.3092 3.2346
574 5.6506 130.3927 2.3294
575 4.9866 129.2930 3.5549
576 6.2304 143.6188 4.7237
577 2.8230 140.5254 7.7830
578 3.1914 142.2736 7.3569
579 0.9090 138.9897 8.1801
580 0.9005 140.4568 8.1627
581 6.8439 133.3200 2.3606
582 7.1514 134.5526 2.4951
583 7.4378 135.6855 2.5172
584 7.6561 137.0019 2.7517
585 1.9698 127.9191 5.8608
586 2.5660 128.1518 5.7581
587 1.4480 129.3441 6.5677
588 1.6676 129.5941 6.7802
589 1.3627 129.7663 6.9739
590 1.4039 130.4273 7.2709
591 5.9299 130.6854 4.6731
592 5.8628 131.0669 5.3779
593 6.3074 131.2706 3.9417
594 2.0060 129.5775 6.6126
595 7.8082 138.7281 3.0635
596 7.6604 141.3220 3.3511
597 4.7460 128.9897 4.4427
598 3.8368 128.2882 4.1782
599 5.0916 129.5079 4.8888
600 5.6057 130.0921 4.6751
601 6.1546 131.1641 4.6985
602 6.5791 132.2581 4.0544
603 5.6894 130.5954 5.3021
604 5.4234 130.0753 5.1474
605 0.0000 129.8699 6.6690
606 0.0000 129.4178 6.4647
607 0.4552 129.8784 6.6357
608 0.8976 129.9017 6.5184
609 1.3823 129.9609 6.2570
610 1.7768 130.0390 5.8149
611 2.2294 130.2039 4.9583
612 2.1818 129.7310 4.8551
613 1.7346 129.5838 5.6265
614 1.3570 129.5007 6.0539
615 0.8824 129.4472 6.3266
616 0.4531 129.4258 6.4348
617 1.3176 129.5094 6.0110
618 1.6218 129.5981 5.5581
619 1.8232 129.7491 4.7808
620 0.0000 128.9153 6.4265
621 0.0000 129.4034 6.4591
622 0.4353 128.9238 6.3932
623 0.8584 128.9467 6.2759
624 1.3165 129.0005 5.9969
625 1.6952 129.0829 5.5658
626 2.1356 129.2466 4.6983
627 2.1043 129.7137 4.8337
628 1.6849 129.5650 5.6290
629 1.2940 129.4861 6.0419
630 0.8438 129.4324 6.3210
631 0.4333 129.4113 6.4292
632 1.2647 129.4928 6.0086
633 1.5319 129.5845 5.5333
634 1.7566 129.7307 4.7648
635 -5.2521 132.7912 -1.5728
636 -3.7258 128.6753 2.0320
637 -5.0080 130.1438 1.3557
638 -1.6516 127.2659 3.2561
639 -5.1033 131.1680 -0.0627
640 -0.4566 126.6491 3.9552
641 -2.7537 127.9674 2.5363
642 -4.4981 129.3781 1.6940
643 -5.0661 132.0797 -1.1490
644 -0.7689 129.0102 6.4955
645 -1.6067 129.3680 6.4211
646 -1.7011 129.4142 6.4126
647 -1.1390 129.1069 6.4563
648 -0.3686 128.9041 6.5496
649 -4.6654 133.2926 -2.3795
650 -4.3992 132.4008 -1.8501
651 -1.4635 128.2435 0.7229
652 -3.2420 129.6578 0.2221
653 -4.5521 130.3009 0.3352
654 -4.3692 131.2827 -1.0607
655 -3.8366 130.4378 -0.3933
656 -3.8994 131.3614 -1.3388
657 -1.6962 127.7247 2.1687
658 -2.7975 128.4738 1.4494
659 -3.9044 129.5782 0.7562
660 -2.7299 129.6859 -0.4560
661 -3.2718 130.4965 -0.9005
662 -1.4242 129.2373 6.4503
663 -1.4199 129.2211 6.4128
664 -1.1424 129.0861 6.3983
665 -0.7895 128.9856 6.4499
666 -0.3788 128.8981 6.5267
667 -1.6175 129.3466 6.4297
668 -1.7652 129.7599 5.9728
669 -0.8009 129.7627 5.7906
670 -2.0534 129.0854 6.0103
671 -2.0494 129.5919 6.1037
672 -1.5873 129.9006 6.1610
673 -1.8185 128.8939 5.8382
674 -1.3309 128.6777 5.7640
675 -0.9553 129.7779 6.3404
676 -0.7255 128.5032 5.8960
677 -1.9258 129.2112 5.8580
678 -1.4283 129.0773 5.7309
679 -0.7432 128.9252 5.5049
680 -7.3236 136.2822 -0.5123
681 -5.5897 132.5543 -1.1410
682 -6.9063 135.0286 -0.6712
683 -5.9072 132.8219 -0.9638
684 -6.3827 133.5854 -0.8614
685 -7.7859 141.6384 -0.5978
686 -7.6932 138.8685 -0.5761
687 -6.6755 133.4148 1.0132
688 -7.8469 138.9118 1.6194
689 -7.7692 141.4144 1.8201
690 -6.2129 132.0221 0.8547
691 -6.6867 142.6839 5.0223
692 -5.6876 144.6481 4.4099
693 -7.3553 135.6817 1.2763
694 -5.7116 132.1909 -0.3228
695 -7.6811 139.7170 4.6065
696 -6.4624 131.8297 2.2840
697 -7.4773 141.1831 4.5390
698 -6.8724 133.1911 3.3378
699 -7.1583 143.3728 3.0111
700 -7.1827 134.5090 3.4559
701 -5.7053 131.2612 1.0283
702 -5.3308 130.0115 2.3521
703 -6.0436 131.0328 2.3035
704 -2.0157 127.1479 4.1991
705 -3.8040 128.3853 2.9596
706 -0.3890 126.3202 5.3453
707 -7.3667 135.7328 4.3944
708 -7.6548 138.3582 4.4761
709 -3.0503 127.7633 3.5426
710 -4.6685 129.2008 2.5532
711 -7.7026 137.0540 1.4487
712 -2.2695 144.0616 6.9043
713 -3.9209 145.3792 5.2755
714 -4.6518 144.0253 6.0499
715 -1.5284 139.0179 8.0870
716 -1.9386 142.2747 7.6726
717 -3.7456 139.1762 7.5935
718 -5.8705 139.4178 6.6988
719 -4.3575 142.2713 6.9790
720 -5.7614 142.3851 6.1871
721 -1.7395 140.4568 8.0417
722 -3.9666 140.5961 7.4777
723 -5.9712 140.7325 6.4406
724 -2.2404 145.7267 5.6550
725 -5.6753 145.8008 2.4926
726 -7.0185 144.1865 1.0893
727 -3.9102 146.7133 3.2898
728 -2.2393 147.0618 3.6768
729 -6.7468 132.9837 4.0993
730 -1.8897 132.0375 6.9202
731 -0.9299 131.9275 7.3614
732 -6.4637 131.6993 3.1727
733 -1.9437 130.4932 7.1172
734 -3.8551 128.3839 4.7085
735 -3.5200 129.1521 5.9537
736 -4.8710 129.5725 5.3932
737 -5.4140 129.7117 3.4017
738 -6.1527 130.9104 3.1636
739 -5.3098 130.8072 5.8001
740 -2.0623 127.4730 5.3786
741 -0.5710 127.0300 5.8129
742 -4.0095 130.6388 6.3707
743 -6.3214 131.6044 4.7211
744 -6.1114 130.8078 3.9106
745 -5.2888 129.5149 4.1024
746 -0.8699 130.6482 7.5407
747 -3.8090 129.8980 6.1967
748 -5.1994 130.1749 5.5662
749 -1.1564 131.3284 7.4179
750 -1.8869 131.3708 7.1316
751 -5.3796 131.4834 5.9419
752 -1.2576 128.6073 6.3448
753 -3.1832 128.4469 5.6257
754 -4.5063 129.1375 5.2658
755 -0.5157 126.5610 5.6645
756 -1.9552 127.1660 4.9121
757 -4.3849 128.7014 3.8494
758 -3.1674 127.8413 4.4942
759 -2.5262 129.8188 6.6717
760 -1.7417 128.3762 6.1298
761 -0.4506 131.9791 7.8274
762 -0.2914 131.3231 8.1072
763 -0.3415 132.3329 7.5621
764 -0.8036 128.8830 6.4981
765 -2.6048 130.6117 6.8848
766 -6.9087 133.7518 4.2040
767 -7.0664 134.5616 1.1246
768 -1.2430 127.1904 5.6615
769 -1.2173 126.7953 5.2885
770 -0.9807 126.5947 4.9178
771 -0.3765 132.7944 7.2418
772 -1.8155 129.4261 6.4840
773 -2.2623 128.6913 6.1132
774 -2.4256 129.3697 6.5081
775 -0.6290 131.3125 7.7572
776 -1.8577 129.8447 6.8836
777 -2.0717 129.1599 6.4312
778 -1.1960 127.7957 5.9477
779 -0.5574 127.7187 5.9704
780 -1.7652 129.1336 6.4660
781 -1.1729 128.9638 6.4657
782 -0.3849 128.7723 6.5543
783 -7.1861 140.8210 5.4262
784 -1.2138 129.2472 6.5877
785 -1.4853 129.0416 6.4486
786 -0.9504 129.6484 7.1095
787 -0.4194 129.6091 7.2348
788 -0.3877 129.0218 6.7683
789 -0.8096 129.0925 6.7044
790 -1.6806 129.4657 6.6053
791 -1.5922 128.7803 6.3490
792 -0.7348 128.4565 6.3386
793 -4.1990 129.3351 5.6966
794 -4.4335 129.9666 5.9266
795 -4.6595 130.6878 6.1397
796 -3.2858 128.1537 5.1127
797 -3.7869 128.6766 5.3610
798 -3.4383 131.4419 6.6734
799 -3.3687 130.6153 6.6173
800 -3.2781 129.8187 6.4230
801 -2.9660 128.9350 6.0725
802 -0.9078 130.3405 7.3737
803 -2.6550 127.5387 4.6612
804 -2.6889 127.8168 5.2418
805 -5.7345 130.0899 3.9654
806 -5.8579 130.3092 3.2346
807 -5.6506 130.3927 2.3294
808 -4.9866 129.2930 3.5549
809 -6.2304 143.6188 4.7237
810 -2.8230 140.5254 7.7830
811 -3.1914 142.2736 7.3569
812 -0.9005 140.4568 8.1627
813 -6.8439 133.3200 2.3606
814 -7.1514 134.5526 2.4951
815 -7.4378 135.6855 2.5172
816 -7.6561 137.0019 2.7517
817 -1.9698 127.9191 5.8608
818 -2.5660 128.1518 5.7581
819 -1.4480 129.3441 6.5677
820 -1.6676 129.5941 6.7802
821 -1.3627 129.7663 6.9739
822 -1.4039 130.4273 7.2709
823 -6.0396 131.5555 5.4147
824 -5.9299 130.6854 4.6731
825 -5.8628 131.0669 5.3779
826 -6.3074 131.2706 3.9417
827 -2.0060 129.5775 6.6126
828 -7.8082 138.7281 3.0635
829 -7.6604 141.3220 3.3511
830 -6.5300 139.4540 6.2357
831 -4.7460 128.9897 4.4427
832 -3.8368 128.2882 4.1782
833 -5.0916 129.5079 4.8888
834 -5.6057 130.0921 4.6751
835 -6.1546 131.1641 4.6985
836 -5.6894 130.5954 5.3021
837 -5.4234 130.0753 5.1474
838 -0.4552 129.8784 6.6357
839 -0.8976 129.9017 6.5184
840 -1.3823 129.9609 6.2570
841 -1.7768 130.0390 5.8149
842 -2.2294 130.2039 4.9583
843 -2.1818 129.7310 4.8551
844 -1.7346 129.5838 5.6265
845 -1.3570 129.5007 6.0539
846 -0.8824 129.4472 6.3266
847 -0.4531 129.4258 6.4348
848 -1.3176 129.5094 6.0110
849 -1.6218 129.5981 5.5581
850 -1.8232 129.7491 4.7808
851 -0.4353 128.9238 6.3932
852 -0.8584 128.9467 6.2759
853 -1.3165 129.0005 5.9969
854 -1.6952 129.0829 5.5658
855 -2.1356 129.2466 4.6983
856 -2.1043 129.7137 4.8337
857 -1.6849 129.5650 5.6290
858 -1.2940 129.4861 6.0419
859 -0.8438 129.4324 6.3210
860 -0.4333 129.4113 6.4292
861 -1.2647 129.4928 6.0086
862 -1.5319 129.5845 5.5333
863 -1.7566 129.7307 4.7648
864 4.8977 133.2001 5.5348
865 3.2297 133.2828 5.9956
866 2.5046 133.8328 6.3629
867 5.6876 133.6574 5.2763
868 2.8894 133.4801 6.1494
869 2.2245 134.2414 6.4824
870 6.3738 135.2731 5.3614
871 2.4195 135.4053 6.7512
872 2.8202 135.8773 6.7561
873 3.8840 136.5435 6.6755
874 5.0068 136.7355 6.4500
875 5.9224 136.3157 5.9911
876 6.2606 136.0366 5.7253
877 3.9044 133.1899 5.8460
878 4.4630 136.7014 6.5956
879 4.3822 133.1847 5.7115
880 3.2686 136.3076 6.7463
881 3.5858 133.2053 5.9145
882 5.9650 134.0130 5.2345
883 6.2490 134.7748 5.2762
884 5.4602 136.5629 6.2345
885 5.3279 133.4396 5.4163
886 6.4553 135.6968 5.5147
887 2.2008 134.9059 6.6736
888 4.4345 134.5917 5.4476
889 3.4026 136.1114 6.4797
890 2.6367 135.3385 6.5141
891 2.3425 134.3519 6.3627
892 2.9753 133.5607 6.0027
893 3.6634 133.4038 5.8352
894 4.3718 133.3532 5.6432
895 5.1915 133.5911 5.3869
896 5.7367 134.1119 5.2434
897 6.2081 135.2381 5.2625
898 5.9748 135.8712 5.6697
899 5.2842 136.3480 5.9862
900 4.4299 136.4337 6.2279
901 -4.8977 133.2001 5.5348
902 -3.2297 133.2828 5.9956
903 -2.5046 133.8328 6.3629
904 -5.6876 133.6574 5.2763
905 -2.8894 133.4801 6.1494
906 -2.2245 134.2414 6.4824
907 -6.3738 135.2731 5.3614
908 -2.4195 135.4053 6.7512
909 -2.8202 135.8773 6.7561
910 -3.8840 136.5435 6.6755
911 -5.0068 136.7355 6.4500
912 -5.9224 136.3157 5.9911
913 -6.2606 136.0366 5.7253
914 -3.9044 133.1899 5.8460
915 -4.4630 136.7014 6.5956
916 -4.3822 133.1847 5.7115
917 -3.2686 136.3076 6.7463
918 -3.5858 133.2053 5.9145
919 -5.9650 134.0130 5.2345
920 -6.2490 134.7748 5.2762
921 -5.4602 136.5629 6.2345
922 -5.3279 133.4396 5.4163
923 -6.4553 135.6968 5.5147
924 -2.2008 134.9059 6.6736
925 -4.4345 134.5917 5.4476
926 -3.4026 136.1114 6.4797
927 -2.6367 135.3385 6.5141
928 -2.3425 134.3519 6.3627
929 -2.9753 133.5607 6.0027
930 -3.6634 133.4038 5.8352
931 -4.3718 133.3532 5.6432
932 -5.1915 133.5911 5.3869
933 -5.7367 134.1119 5.2434
934 -6.2081 135.2381 5.2625
935 -5.9748 135.8712 5.6697
936 -5.2842 136.3480 5.9862
937 -4.4299 136.4337 6.2279
938 7.3236 136.2820 -0.5123
939 5.5897 132.5541 -1.1410
940 6.9063 135.0284 -0.6712
941 5.0849 132.7170 -1.5728
942 5.9072 132.8217 -0.9638
943 6.3827 133.5852 -0.8614
944 7.7859 141.6382 -0.5978
945 7.6932 138.8683 -0.5761
946 0.0000 137.5987 -7.3118
947 0.0000 134.8897 -5.9778
948 4.6654 133.2924 -2.3795
949 5.4041 135.3465 -3.0296
950 6.8630 136.5791 -1.9274
951 6.1292 136.0916 -2.6471
952 6.4262 141.4217 -4.2607
953 6.0542 138.4588 -4.0467
954 4.1817 141.2801 -6.4415
955 3.8503 137.9917 -6.1394
956 3.0498 134.7761 -4.6945
957 1.3461 134.9445 -5.5784
958 6.4823 132.5272 -2.1225
959 7.5836 133.2505 -3.0404
960 8.0467 135.3468 -3.4020
961 7.2154 135.6521 -1.3142
962 7.9892 137.1611 -2.9090
963 8.3650 134.2717 -3.6809
964 8.5185 136.3259 -3.5219
965 6.9004 135.0238 -3.2559
966 7.0974 136.1435 -2.8639
967 5.8943 133.3324 -2.2343
968 7.5567 137.0157 -2.6717
969 7.7326 136.4014 -3.3935
970 7.7722 135.0181 -3.8085
971 7.3651 136.5871 -1.3507
972 7.0611 134.7493 -1.3629
973 7.2108 133.3252 -3.0966
974 5.7575 132.4318 -1.4301
975 4.0268 134.0283 -3.4845
976 0.0000 141.2034 -7.9334
977 8.7199 135.5613 -3.8627
978 7.2271 136.8029 -2.2620
979 7.5670 137.0428 -1.9708
980 7.1804 134.9756 -2.3800
981 7.4166 135.9823 -2.4543
982 6.7890 133.7678 -2.0259
983 -7.3236 136.2820 -0.5123
984 -5.5897 132.5541 -1.1410
985 -6.9063 135.0284 -0.6712
986 -5.0849 132.7170 -1.5728
987 -5.9072 132.8217 -0.9638
988 -6.3827 133.5852 -0.8614
989 -7.7859 141.6382 -0.5978
990 -7.6932 138.8683 -0.5761
991 -4.6654 133.2924 -2.3795
992 -5.4041 135.3465 -3.0296
993 -6.8630 136.5791 -1.9274
994 -6.1292 136.0916 -2.6471
995 -6.4262 141.4217 -4.2607
996 -6.0542 138.4588 -4.0467
997 -4.1817 141.2801 -6.4415
998 -3.8503 137.9917 -6.1394
999 -3.0498 134.7761 -4.6945
1000 -1.3461 134.9445 -5.5784
1001 -6.4823 132.5272 -2.1225
1002 -7.5836 133.2505 -3.0404
1003 -8.0467 135.3468 -3.4020
1004 -7.2154 135.6521 -1.3142
1005 -7.9892 137.1611 -2.9090
1006 -8.3650 134.2717 -3.6809
1007 -8.5185 136.3259 -3.5219
1008 -6.9004 135.0238 -3.2559
1009 -7.0974 136.1435 -2.8639
1010 -5.8943 133.3324 -2.2343
1011 -7.5567 137.0157 -2.6717
1012 -7.7326 136.4014 -3.3935
1013 -7.7722 135.0181 -3.8085
1014 -7.3651 136.5871 -1.3507
1015 -7.0611 134.7493 -1.3629
1016 -7.2108 133.3252 -3.0966
1017 -5.7575 132.4318 -1.4301
1018 -4.0268 134.0283 -3.4845
1019 -8.7199 135.5613 -3.8627
1020 -7.2271 136.8029 -2.2620
1021 -7.5670 137.0428 -1.9708
1022 -7.1804 134.9756 -2.3800
1023 -7.4166 135.9823 -2.4543
1024 -6.7890 133.7678 -2.0259